ID,Etapa_de_la_vida,Estado_Civil,Situacion_laboral,Tiene_hijos,Tiene_Teletrabajo,Aumentara_los_gigas
1,1,0,1,0,1,1
2,2,1,0,0,0,0
3,3,2,2,1,0,0
4,0,0,1,0,0,0
5,3,1,2,0,0,0
6,2,1,1,1,1,1
7,1,0,1,0,1,1
8,3,1,2,1,0,0
9,3,1,2,1,0,0
10,3,0,2,1,0,0
11,3,2,1,0,0,0
12,2,1,1,0,1,1
13,1,0,0,0,0,0
14,1,0,1,0,1,1
15,1,0,1,0,1,1
16,2,1,1,1,0,0
17,3,0,1,1,1,1
18,1,0,0,0,0,0
19,1,0,0,1,0,0
20,1,1,1,0,0,1
21,3,0,1,0,0,0
22,3,2,2,1,0,0
23,1,1,0,1,0,0
24,1,0,1,0,0,1
25,1,0,0,0,0,0
26,3,0,2,1,0,0
27,3,1,2,1,0,0
28,1,0,0,0,0,0
29,0,0,0,1,0,0
30,0,0,0,0,0,0
31,1,1,0,1,0,0
32,1,0,1,0,1,1
33,2,2,1,0,1,1
34,3,1,2,1,0,0
35,2,1,1,1,1,1
36,1,0,1,0,1,1
37,1,1,1,1,1,1
38,1,0,0,0,0,0
39,2,2,1,1,1,1
40,2,1,0,0,0,0
41,1,0,1,1,1,1
42,1,1,1,1,0,1
43,3,2,1,0,1,0
44,2,1,1,0,1,1
45,0,0,1,0,1,1
46,1,0,0,1,0,0
47,1,1,0,0,0,0
48,1,1,1,1,1,1
49,0,0,1,0,0,1
50,0,0,1,0,0,1
